{"frames001.jpg": {"intrinsics": [[2985.29, 0.0, 512.0], [0.0, 2985.29, 512.0], [0.0, 0.0, 1.0]], "pose": [[0.9787189960479736, -0.03195836767554283, -0.20270152390003204, 0.5457508563995361], [-0.040254972875118256, -0.9985063672065735, -0.03693939745426178, 0.10995422303676605], [-0.20121824741363525, 0.04431303218007088, -0.9785436391830444, 2.8176467418670654], [0.0, 0.0, 0.0, 1.0]]}, "frames002.jpg": {"intrinsics": [[2985.29, 0.0, 512.0], [0.0, 2985.29, 512.0], [0.0, 0.0, 1.0]], "pose": [[0.9817402362823486, -0.03407496586441994, -0.1871495097875595, 0.5123416185379028], [-0.03963720425963402, -0.998874306678772, -0.026058493182063103, 0.07979899644851685], [-0.1860508769750595, 0.03300075605511665, -0.9819857478141785, 2.875471353530884], [0.0, 0.0, 0.0, 1.0]]}, "frames003.jpg": {"intrinsics": [[2985.29, 0.0, 512.0], [0.0, 2985.29, 512.0], [0.0, 0.0, 1.0]], "pose": [[0.9812464118003845, -0.034479252994060516, -0.18964886665344238, 0.5182974934577942], [-0.04033388942480087, -0.9988187551498413, -0.027097219601273537, 0.08295346796512604], [-0.18849056959152222, 0.03423832356929779, -0.9814780354499817, 2.869157314300537], [0.0, 0.0, 0.0, 1.0]]}, "frames004.jpg": {"intrinsics": [[2985.29, 0.0, 512.0], [0.0, 2985.29, 512.0], [0.0, 0.0, 1.0]], "pose": [[0.9790887832641602, -0.03182900696992874, -0.20092834532260895, 0.555901825428009], [-0.03568996489048004, -0.9992408156394958, -0.015621478669345379, 0.053464069962501526], [-0.2002786099910736, 0.022465938702225685, -0.9794814586639404, 2.893698215484619], [0.0, 0.0, 0.0, 1.0]]}, "frames005.jpg": {"intrinsics": [[2985.29, 0.0, 512.0], [0.0, 2985.29, 512.0], [0.0, 0.0, 1.0]], "pose": [[0.9729293584823608, -0.025421075522899628, -0.22970034182071686, 0.6205726861953735], [-0.030963968485593796, -0.9993090629577637, -0.020558273419737816, 0.06767825037240982], [-0.22901901602745056, 0.027114180848002434, -0.9730442762374878, 2.8135716915130615], [0.0, 0.0, 0.0, 1.0]]}, "frames006.jpg": {"intrinsics": [[2985.29, 0.0, 512.0], [0.0, 2985.29, 512.0], [0.0, 0.0, 1.0]], "pose": [[0.9665157198905945, -0.016597650945186615, -0.2560701370239258, 0.6840195059776306], [-0.021255820989608765, -0.9996548891067505, -0.015433900989592075, 0.046803660690784454], [-0.25572559237480164, 0.020360087975859642, -0.9665349721908569, 2.7694385051727295], [0.0, 0.0, 0.0, 1.0]]}, "frames007.jpg": {"intrinsics": [[2985.29, 0.0, 512.0], [0.0, 2985.29, 512.0], [0.0, 0.0, 1.0]], "pose": [[0.9581596851348877, -0.012886611744761467, -0.285943865776062, 0.742084264755249], [-0.017486337572336197, -0.9997554421424866, -0.013538479804992676, 0.043994586914777756], [-0.2856994569301605, 0.01797213777899742, -0.9581506848335266, 2.672899007797241], [0.0, 0.0, 0.0, 1.0]]}, "frames008.jpg": {"intrinsics": [[2985.29, 0.0, 512.0], [0.0, 2985.29, 512.0], [0.0, 0.0, 1.0]], "pose": [[0.949432909488678, -0.007535474840551615, -0.31387972831726074, 0.818968653678894], [-0.012383682653307915, -0.999832808971405, -0.01345502957701683, 0.04278648644685745], [-0.31372585892677307, 0.0166616328060627, -0.9493674039840698, 2.6578545570373535], [0.0, 0.0, 0.0, 1.0]]}, "frames009.jpg": {"intrinsics": [[2985.29, 0.0, 512.0], [0.0, 2985.29, 512.0], [0.0, 0.0, 1.0]], "pose": [[0.9436782598495483, -0.010858134366571903, -0.33068639039993286, 0.8848477005958557], [-0.010263442993164062, -0.9999411106109619, 0.003544464474543929, -0.004821068607270718], [-0.3307054042816162, 4.914705641567707e-05, -0.9437341094017029, 2.7029402256011963], [0.0, 0.0, 0.0, 1.0]]}, "frames010.jpg": {"intrinsics": [[2985.29, 0.0, 512.0], [0.0, 2985.29, 512.0], [0.0, 0.0, 1.0]], "pose": [[0.9399182200431824, -0.016384625807404518, -0.34100639820098877, 0.9212133288383484], [-0.01081022247672081, -0.9997751712799072, 0.018240762874484062, -0.041000742465257645], [-0.3412286043167114, -0.01345846988260746, -0.9398839473724365, 2.7033493518829346], [0.0, 0.0, 0.0, 1.0]]}, "frames011.jpg": {"intrinsics": [[2985.29, 0.0, 512.0], [0.0, 2985.29, 512.0], [0.0, 0.0, 1.0]], "pose": [[0.9387481212615967, -0.022625423967838287, -0.34386056661605835, 0.9275969862937927], [-0.013581602834165096, -0.9994961619377136, 0.028686976060271263, -0.07410693168640137], [-0.3443363606929779, -0.0222596637904644, -0.9385824799537659, 2.700748920440674], [0.0, 0.0, 0.0, 1.0]]}, "frames012.jpg": {"intrinsics": [[2985.29, 0.0, 512.0], [0.0, 2985.29, 512.0], [0.0, 0.0, 1.0]], "pose": [[0.939026951789856, -0.027147991582751274, -0.3427700996398926, 0.9157068729400635], [-0.015638336539268494, -0.9992185831069946, 0.03629826381802559, -0.09391407668590546], [-0.3434876501560211, -0.02872469276189804, -0.938717782497406, 2.6804497241973877], [0.0, 0.0, 0.0, 1.0]]}, "frames013.jpg": {"intrinsics": [[2985.29, 0.0, 512.0], [0.0, 2985.29, 512.0], [0.0, 0.0, 1.0]], "pose": [[0.9400079846382141, -0.03835888206958771, -0.3389890491962433, 0.9378474950790405], [-0.027344731613993645, -0.9989333152770996, 0.03720974922180176, -0.09807740896940231], [-0.34005478024482727, -0.025707896798849106, -0.9400541186332703, 2.765965223312378], [0.0, 0.0, 0.0, 1.0]]}, "frames014.jpg": {"intrinsics": [[2985.29, 0.0, 512.0], [0.0, 2985.29, 512.0], [0.0, 0.0, 1.0]], "pose": [[0.9437626600265503, -0.05033092945814133, -0.3267704248428345, 0.8783168196678162], [-0.04160464182496071, -0.998567521572113, 0.0336441844701767, -0.0862070843577385], [-0.3279956877231598, -0.018156955018639565, -0.9445047378540039, 2.715651035308838], [0.0, 0.0, 0.0, 1.0]]}, "frames015.jpg": {"intrinsics": [[2985.29, 0.0, 512.0], [0.0, 2985.29, 512.0], [0.0, 0.0, 1.0]], "pose": [[0.9454349279403687, -0.05422466993331909, -0.32126691937446594, 0.860995352268219], [-0.04937733709812164, -0.9985101222991943, 0.02322312258183956, -0.05745613947510719], [-0.32204753160476685, -0.006092643365263939, -0.9467038512229919, 2.714923143386841], [0.0, 0.0, 0.0, 1.0]]}, "frames016.jpg": {"intrinsics": [[2985.29, 0.0, 512.0], [0.0, 2985.29, 512.0], [0.0, 0.0, 1.0]], "pose": [[0.9487840533256531, -0.056343380361795425, -0.3108605444431305, 0.8255672454833984], [-0.05710305646061897, -0.9983460903167725, 0.006664480082690716, -0.009863822720944881], [-0.31072187423706055, 0.01142793521285057, -0.9504321813583374, 2.702057361602783], [0.0, 0.0, 0.0, 1.0]]}, "frames017.jpg": {"intrinsics": [[2985.29, 0.0, 512.0], [0.0, 2985.29, 512.0], [0.0, 0.0, 1.0]], "pose": [[0.9518766403198242, -0.05464939773082733, -0.30156973004341125, 0.817237913608551], [-0.05615953728556633, -0.9984150528907776, 0.0036669138353317976, 6.421091529773548e-05], [-0.30129215121269226, 0.013445565477013588, -0.953437089920044, 2.7568209171295166], [0.0, 0.0, 0.0, 1.0]]}, "frames018.jpg": {"intrinsics": [[2985.29, 0.0, 512.0], [0.0, 2985.29, 512.0], [0.0, 0.0, 1.0]], "pose": [[0.9536793231964111, -0.05928792059421539, -0.29492488503456116, 0.8121333122253418], [-0.06188739091157913, -0.9980829954147339, 0.0005206222413107753, 0.004938765894621611], [-0.29439038038253784, 0.017755625769495964, -0.9555203318595886, 2.7904982566833496], [0.0, 0.0, 0.0, 1.0]]}, "frames019.jpg": {"intrinsics": [[2985.29, 0.0, 512.0], [0.0, 2985.29, 512.0], [0.0, 0.0, 1.0]], "pose": [[0.9526135921478271, -0.06312564760446548, -0.29756084084510803, 0.8040813207626343], [-0.06385147571563721, -0.9979327917098999, 0.007290495093911886, -0.01183499675244093], [-0.2974059283733368, 0.01205467525869608, -0.954675018787384, 2.74367356300354], [0.0, 0.0, 0.0, 1.0]]}, "frames020.jpg": {"intrinsics": [[2985.29, 0.0, 512.0], [0.0, 2985.29, 512.0], [0.0, 0.0, 1.0]], "pose": [[0.9529531002044678, -0.06795018166303635, -0.29540327191352844, 0.810887336730957], [-0.06479700654745102, -0.9976886510848999, 0.020462239161133766, -0.0484052449464798], [-0.2961108982563019, -0.00035830773413181305, -0.9551534652709961, 2.7937722206115723], [0.0, 0.0, 0.0, 1.0]]}, "frames021.jpg": {"intrinsics": [[2985.29, 0.0, 512.0], [0.0, 2985.29, 512.0], [0.0, 0.0, 1.0]], "pose": [[0.951194703578949, -0.07061539590358734, -0.30040329694747925, 0.8173671960830688], [-0.06485986709594727, -0.9974699020385742, 0.029102135449647903, -0.07305347919464111], [-0.3016982972621918, -0.008197678253054619, -0.9533682465553284, 2.772923707962036], [0.0, 0.0, 0.0, 1.0]]}, "frames022.jpg": {"intrinsics": [[2985.29, 0.0, 512.0], [0.0, 2985.29, 512.0], [0.0, 0.0, 1.0]], "pose": [[0.9511532187461853, -0.060286715626716614, -0.30277568101882935, 0.8056812882423401], [-0.059472035616636276, -0.9981588125228882, 0.011918718926608562, -0.025795118883252144], [-0.30293676257133484, 0.006670157425105572, -0.9529873728752136, 2.7229785919189453], [0.0, 0.0, 0.0, 1.0]]}, "frames023.jpg": {"intrinsics": [[2985.29, 0.0, 512.0], [0.0, 2985.29, 512.0], [0.0, 0.0, 1.0]], "pose": [[0.9522906541824341, -0.05643101781606674, -0.2999300956726074, 0.8186526298522949], [-0.056884780526161194, -0.9983546137809753, 0.007226102985441685, -0.016392279416322708], [-0.299844354391098, 0.010180107317864895, -0.953933835029602, 2.777717113494873], [0.0, 0.0, 0.0, 1.0]]}, "frames024.jpg": {"intrinsics": [[2985.29, 0.0, 512.0], [0.0, 2985.29, 512.0], [0.0, 0.0, 1.0]], "pose": [[0.954051673412323, -0.06296412646770477, -0.2929522395133972, 0.7810510993003845], [-0.06669523566961288, -0.9977695345878601, -0.0027547371573746204, 0.016315855085849762], [-0.292125403881073, 0.022166680544614792, -0.9561231136322021, 2.7273619174957275], [0.0, 0.0, 0.0, 1.0]]}, "frames025.jpg": {"intrinsics": [[2985.29, 0.0, 512.0], [0.0, 2985.29, 512.0], [0.0, 0.0, 1.0]], "pose": [[0.9554784893989563, -0.05728864669799805, -0.2894457280635834, 0.7927092909812927], [-0.05532743036746979, -0.9983562231063843, 0.014960677362978458, -0.030777694657444954], [-0.28982698917388916, 0.001719682477414608, -0.9570775628089905, 2.8074309825897217], [0.0, 0.0, 0.0, 1.0]]}, "frames026.jpg": {"intrinsics": [[2985.29, 0.0, 512.0], [0.0, 2985.29, 512.0], [0.0, 0.0, 1.0]], "pose": [[0.9553601741790771, -0.06276455521583557, -0.2886996567249298, 0.7798910737037659], [-0.061325397342443466, -0.9980190992355347, 0.014036656357347965, -0.03285703435540199], [-0.2890087962150574, 0.004294560290873051, -0.9573168158531189, 2.7678916454315186], [0.0, 0.0, 0.0, 1.0]]}, "frames027.jpg": {"intrinsics": [[2985.29, 0.0, 512.0], [0.0, 2985.29, 512.0], [0.0, 0.0, 1.0]], "pose": [[0.9583205580711365, -0.05968591943383217, -0.2793910503387451, 0.7405127882957458], [-0.060076646506786346, -0.9981680512428284, 0.0071723610162734985, -0.012094582431018353], [-0.2793072760105133, 0.00991145707666874, -0.9601506590843201, 2.7283542156219482], [0.0, 0.0, 0.0, 1.0]]}, "frames028.jpg": {"intrinsics": [[2985.29, 0.0, 512.0], [0.0, 2985.29, 512.0], [0.0, 0.0, 1.0]], "pose": [[0.9603886008262634, -0.06221923232078552, -0.2716294527053833, 0.7278690934181213], [-0.05951564013957977, -0.9980616569519043, 0.01818833500146866, -0.03949107974767685], [-0.27223461866378784, -0.001301666721701622, -0.9622300863265991, 2.753103494644165], [0.0, 0.0, 0.0, 1.0]]}, "frames029.jpg": {"intrinsics": [[2985.29, 0.0, 512.0], [0.0, 2985.29, 512.0], [0.0, 0.0, 1.0]], "pose": [[0.9615783095359802, -0.06655767560005188, -0.2663405239582062, 0.7238185405731201], [-0.06086929142475128, -0.9977077841758728, 0.029565617442131042, -0.07182340323925018], [-0.26769784092903137, -0.012217698618769646, -0.9634254574775696, 2.784909963607788], [0.0, 0.0, 0.0, 1.0]]}, "frames030.jpg": {"intrinsics": [[2985.29, 0.0, 512.0], [0.0, 2985.29, 512.0], [0.0, 0.0, 1.0]], "pose": [[0.958096444606781, -0.07141081988811493, -0.27740177512168884, 0.7298551201820374], [-0.06466488540172577, -0.9973478317260742, 0.03340364247560501, -0.08107657730579376], [-0.27905145287513733, -0.014065757393836975, -0.9601731896400452, 2.709709405899048], [0.0, 0.0, 0.0, 1.0]]}, "frames031.jpg": {"intrinsics": [[2985.29, 0.0, 512.0], [0.0, 2985.29, 512.0], [0.0, 0.0, 1.0]], "pose": [[0.9561181664466858, -0.07170027494430542, -0.28407222032546997, 0.7574074864387512], [-0.06555557250976562, -0.997364342212677, 0.03109217807650566, -0.07562556117773056], [-0.28555282950401306, -0.011105280369520187, -0.9582986235618591, 2.7361738681793213], [0.0, 0.0, 0.0, 1.0]]}, "frames032.jpg": {"intrinsics": [[2985.29, 0.0, 512.0], [0.0, 2985.29, 512.0], [0.0, 0.0, 1.0]], "pose": [[0.9547004103660583, -0.07126413285732269, -0.28890928626060486, 0.7724630832672119], [-0.06579992175102234, -0.9974230527877808, 0.028594719246029854, -0.06934045255184174], [-0.2902025580406189, -0.008289182558655739, -0.9569293856620789, 2.735546350479126], [0.0, 0.0, 0.0, 1.0]]}, "frames033.jpg": {"intrinsics": [[2985.29, 0.0, 512.0], [0.0, 2985.29, 512.0], [0.0, 0.0, 1.0]], "pose": [[0.9534623026847839, -0.07251997292041779, -0.2926611304283142, 0.7870270609855652], [-0.06944283843040466, -0.9973669052124023, 0.02090434916317463, -0.04805753380060196], [-0.29340651631355286, 0.00039171241223812103, -0.9559876918792725, 2.7401013374328613], [0.0, 0.0, 0.0, 1.0]]}, "frames034.jpg": {"intrinsics": [[2985.29, 0.0, 512.0], [0.0, 2985.29, 512.0], [0.0, 0.0, 1.0]], "pose": [[0.9537333846092224, -0.07346004992723465, -0.2915412485599518, 0.7891923189163208], [-0.07093115150928497, -0.9972954988479614, 0.019249320030212402, -0.04201149567961693], [-0.2921668291091919, 0.002320636063814163, -0.956364631652832, 2.762972354888916], [0.0, 0.0, 0.0, 1.0]]}, "frames035.jpg": {"intrinsics": [[2985.29, 0.0, 512.0], [0.0, 2985.29, 512.0], [0.0, 0.0, 1.0]], "pose": [[0.9557972550392151, -0.07760214805603027, -0.2836008071899414, 0.7562989592552185], [-0.0744745284318924, -0.9969843626022339, 0.021810853853821754, -0.05150996893644333], [-0.2844381332397461, 0.00027428194880485535, -0.958694338798523, 2.736156463623047], [0.0, 0.0, 0.0, 1.0]]}, "frames036.jpg": {"intrinsics": [[2985.29, 0.0, 512.0], [0.0, 2985.29, 512.0], [0.0, 0.0, 1.0]], "pose": [[0.9566780924797058, -0.08347438275814056, -0.27892473340034485, 0.7460513114929199], [-0.07657190412282944, -0.9964293241500854, 0.03557108715176582, -0.08563253283500671], [-0.2808980643749237, -0.01267227903008461, -0.959653913974762, 2.7452173233032227], [0.0, 0.0, 0.0, 1.0]]}, "frames037.jpg": {"intrinsics": [[2985.29, 0.0, 512.0], [0.0, 2985.29, 512.0], [0.0, 0.0, 1.0]], "pose": [[0.9574053883552551, -0.08435915410518646, -0.27614936232566833, 0.7533848285675049], [-0.07711391896009445, -0.9963350892066956, 0.03701151907444, -0.09039108455181122], [-0.2782595455646515, -0.014140065759420395, -0.9604018926620483, 2.7985873222351074], [0.0, 0.0, 0.0, 1.0]]}, "frames038.jpg": {"intrinsics": [[2985.29, 0.0, 512.0], [0.0, 2985.29, 512.0], [0.0, 0.0, 1.0]], "pose": [[0.957087516784668, -0.08413965255022049, -0.27731576561927795, 0.7419794797897339], [-0.07806915789842606, -0.9964056611061096, 0.03288021683692932, -0.07272427529096603], [-0.27908554673194885, -0.009819434955716133, -0.9602160453796387, 2.745617389678955], [0.0, 0.0, 0.0, 1.0]]}, "frames039.jpg": {"intrinsics": [[2985.29, 0.0, 512.0], [0.0, 2985.29, 512.0], [0.0, 0.0, 1.0]], "pose": [[0.9542756676673889, -0.08539540320634842, -0.2864709496498108, 0.7501736283302307], [-0.08262446522712708, -0.9963428974151611, 0.021770397201180458, -0.04215104132890701], [-0.28728240728378296, 0.0028945505619049072, -0.9578415751457214, 2.691171884536743], [0.0, 0.0, 0.0, 1.0]]}, "frames040.jpg": {"intrinsics": [[2985.29, 0.0, 512.0], [0.0, 2985.29, 512.0], [0.0, 0.0, 1.0]], "pose": [[0.9542291760444641, -0.08838953077793121, -0.28571659326553345, 0.749252200126648], [-0.08581973612308502, -0.9960780739784241, 0.021528929471969604, -0.04344552382826805], [-0.2864989638328552, 0.003976589068770409, -0.958072304725647, 2.6935160160064697], [0.0, 0.0, 0.0, 1.0]]}, "frames041.jpg": {"intrinsics": [[2985.29, 0.0, 512.0], [0.0, 2985.29, 512.0], [0.0, 0.0, 1.0]], "pose": [[0.9526105523109436, -0.09366632252931595, -0.28941279649734497, 0.7701471447944641], [-0.09025455266237259, -0.9956012964248657, 0.025143587961792946, -0.05759166553616524], [-0.290494829416275, 0.0021687764674425125, -0.9568741321563721, 2.724614143371582], [0.0, 0.0, 0.0, 1.0]]}, "frames042.jpg": {"intrinsics": [[2985.29, 0.0, 512.0], [0.0, 2985.29, 512.0], [0.0, 0.0, 1.0]], "pose": [[0.9520300030708313, -0.09465599805116653, -0.2909966707229614, 0.7694389224052429], [-0.0903439149260521, -0.9955098628997803, 0.028250692412257195, -0.06661311537027359], [-0.2923641502857208, -0.0006057284772396088, -0.9563068747520447, 2.714254140853882], [0.0, 0.0, 0.0, 1.0]]}, "frames043.jpg": {"intrinsics": [[2985.29, 0.0, 512.0], [0.0, 2985.29, 512.0], [0.0, 0.0, 1.0]], "pose": [[0.951617956161499, -0.09754878282546997, -0.29138875007629395, 0.7737820744514465], [-0.09226920455694199, -0.9952248334884644, 0.03184041380882263, -0.07807835191488266], [-0.29310333728790283, -0.0034136995673179626, -0.9560746550559998, 2.720437526702881], [0.0, 0.0, 0.0, 1.0]]}, "frames044.jpg": {"intrinsics": [[2985.29, 0.0, 512.0], [0.0, 2985.29, 512.0], [0.0, 0.0, 1.0]], "pose": [[0.9519108533859253, -0.0962018072605133, -0.2908796966075897, 0.7766568660736084], [-0.0936228483915329, -0.9953464865684509, 0.022805051878094673, -0.046411171555519104], [-0.2917199730873108, 0.005524609237909317, -0.956487774848938, 2.727881908416748], [0.0, 0.0, 0.0, 1.0]]}, "frames045.jpg": {"intrinsics": [[2985.29, 0.0, 512.0], [0.0, 2985.29, 512.0], [0.0, 0.0, 1.0]], "pose": [[0.9506477117538452, -0.10284518450498581, -0.29273146390914917, 0.7918304204940796], [-0.09821589291095734, -0.9946973919868469, 0.03050958923995495, -0.07228604704141617], [-0.29431697726249695, -0.00025298818945884705, -0.955707848072052, 2.7503764629364014], [0.0, 0.0, 0.0, 1.0]]}, "frames046.jpg": {"intrinsics": [[2985.29, 0.0, 512.0], [0.0, 2985.29, 512.0], [0.0, 0.0, 1.0]], "pose": [[0.9498975276947021, -0.10055554658174515, -0.29594478011131287, 0.7782484292984009], [-0.098296158015728, -0.9949018359184265, 0.02254348434507847, -0.042520854622125626], [-0.29670286178588867, 0.007676232606172562, -0.9549390077590942, 2.682297945022583], [0.0, 0.0, 0.0, 1.0]]}, "frames047.jpg": {"intrinsics": [[2985.29, 0.0, 512.0], [0.0, 2985.29, 512.0], [0.0, 0.0, 1.0]], "pose": [[0.9478055238723755, -0.099962517619133, -0.30277422070503235, 0.8009800910949707], [-0.09606204181909561, -0.994987428188324, 0.027787433937191963, -0.05951770022511482], [-0.3040342628955841, 0.002748025581240654, -0.952657163143158, 2.700885057449341], [0.0, 0.0, 0.0, 1.0]]}, "frames048.jpg": {"intrinsics": [[2985.29, 0.0, 512.0], [0.0, 2985.29, 512.0], [0.0, 0.0, 1.0]], "pose": [[0.947098433971405, -0.09833637624979019, -0.3055069148540497, 0.8342577219009399], [-0.09375594556331635, -0.9951531291007996, 0.029667546972632408, -0.07206521928310394], [-0.3069435656070709, 0.0005450025200843811, -0.951727569103241, 2.769253969192505], [0.0, 0.0, 0.0, 1.0]]}, "frames049.jpg": {"intrinsics": [[2985.29, 0.0, 512.0], [0.0, 2985.29, 512.0], [0.0, 0.0, 1.0]], "pose": [[0.9442746043205261, -0.08529026061296463, -0.31791678071022034, 0.8342189788818359], [-0.08478815108537674, -0.9962792992591858, 0.015443105250597, -0.02712847851216793], [-0.3180510401725769, 0.012373045086860657, -0.9479928016662598, 2.6623613834381104], [0.0, 0.0, 0.0, 1.0]]}, "frames050.jpg": {"intrinsics": [[2985.29, 0.0, 512.0], [0.0, 2985.29, 512.0], [0.0, 0.0, 1.0]], "pose": [[0.9443514943122864, -0.08261393010616302, -0.3183946907520294, 0.8482438325881958], [-0.07960737496614456, -0.9965730309486389, 0.022467313334345818, -0.048965200781822205], [-0.31915968656539917, 0.004129523411393166, -0.9476919174194336, 2.6983184814453125], [0.0, 0.0, 0.0, 1.0]]}, "frames051.jpg": {"intrinsics": [[2985.29, 0.0, 512.0], [0.0, 2985.29, 512.0], [0.0, 0.0, 1.0]], "pose": [[0.9449052214622498, -0.07934371381998062, -0.3175826072692871, 0.8572320342063904], [-0.07515889406204224, -0.9968472719192505, 0.025428159162402153, -0.058475855737924576], [-0.3185989260673523, -0.00015804357826709747, -0.9478895664215088, 2.7306926250457764], [0.0, 0.0, 0.0, 1.0]]}, "frames052.jpg": {"intrinsics": [[2985.29, 0.0, 512.0], [0.0, 2985.29, 512.0], [0.0, 0.0, 1.0]], "pose": [[0.9450840950012207, -0.07765985280275345, -0.3174664378166199, 0.8649165034294128], [-0.07393420487642288, -0.9969794154167175, 0.023785904049873352, -0.06195387616753578], [-0.31835469603538513, 0.0009919479489326477, -0.9479711055755615, 2.7484970092773438], [0.0, 0.0, 0.0, 1.0]]}, "frames053.jpg": {"intrinsics": [[2985.29, 0.0, 512.0], [0.0, 2985.29, 512.0], [0.0, 0.0, 1.0]], "pose": [[0.9445399641990662, -0.07955636829137802, -0.31861409544944763, 0.8642823696136475], [-0.07383953779935837, -0.9968187212944031, 0.030001452192664146, -0.07118025422096252], [-0.31998729705810547, -0.004811253398656845, -0.9474095702171326, 2.7513623237609863], [0.0, 0.0, 0.0, 1.0]]}, "frames054.jpg": {"intrinsics": [[2985.29, 0.0, 512.0], [0.0, 2985.29, 512.0], [0.0, 0.0, 1.0]], "pose": [[0.9443161487579346, -0.07958468049764633, -0.3192700147628784, 0.8762466311454773], [-0.07235749810934067, -0.9967834949493408, 0.03445466235280037, -0.08662086725234985], [-0.3209851384162903, -0.009434513747692108, -0.9470372796058655, 2.7791168689727783], [0.0, 0.0, 0.0, 1.0]]}, "frames055.jpg": {"intrinsics": [[2985.29, 0.0, 512.0], [0.0, 2985.29, 512.0], [0.0, 0.0, 1.0]], "pose": [[0.944230854511261, -0.07715420424938202, -0.32011762261390686, 0.862255334854126], [-0.07451494038105011, -0.9970090389251709, 0.02050538919866085, -0.041955702006816864], [-0.32074224948883057, 0.004491724073886871, -0.9471558928489685, 2.7213053703308105], [0.0, 0.0, 0.0, 1.0]]}, "frames056.jpg": {"intrinsics": [[2985.29, 0.0, 512.0], [0.0, 2985.29, 512.0], [0.0, 0.0, 1.0]], "pose": [[0.9438672661781311, -0.079899862408638, -0.32051607966423035, 0.8623847961425781], [-0.0750172808766365, -0.9968008995056152, 0.027573958039283752, -0.06668796390295029], [-0.32169389724731445, -0.0019819121807813644, -0.9468416571617126, 2.7221829891204834], [0.0, 0.0, 0.0, 1.0]]}, "frames057.jpg": {"intrinsics": [[2985.29, 0.0, 512.0], [0.0, 2985.29, 512.0], [0.0, 0.0, 1.0]], "pose": [[0.9406541585922241, -0.07607322186231613, -0.33073046803474426, 0.8748745918273926], [-0.07293062657117844, -0.997096061706543, 0.021920625120401382, -0.046804722398519516], [-0.3314376175403595, 0.003500651568174362, -0.9434706568717957, 2.6766469478607178], [0.0, 0.0, 0.0, 1.0]]}, "frames058.jpg": {"intrinsics": [[2985.29, 0.0, 512.0], [0.0, 2985.29, 512.0], [0.0, 0.0, 1.0]], "pose": [[0.9385982751846313, -0.07607376575469971, -0.3365204334259033, 0.8971073627471924], [-0.0692640021443367, -0.9970781803131104, 0.03221326321363449, -0.07771548628807068], [-0.3379877507686615, -0.006926562637090683, -0.9411250352859497, 2.686570405960083], [0.0, 0.0, 0.0, 1.0]]}, "frames059.jpg": {"intrinsics": [[2985.29, 0.0, 512.0], [0.0, 2985.29, 512.0], [0.0, 0.0, 1.0]], "pose": [[0.9308053851127625, -0.07061799615621567, -0.3586284816265106, 0.951410174369812], [-0.06250698119401932, -0.9974591732025146, 0.034176696091890335, -0.07734750211238861], [-0.3601307272911072, -0.009395068511366844, -0.9328545331954956, 2.6589765548706055], [0.0, 0.0, 0.0, 1.0]]}, "frames060.jpg": {"intrinsics": [[2985.29, 0.0, 512.0], [0.0, 2985.29, 512.0], [0.0, 0.0, 1.0]], "pose": [[0.9141873121261597, -0.08269831538200378, -0.3967650532722473, 1.0271260738372803], [-0.06584789603948593, -0.9962608814239502, 0.05593179911375046, -0.1354457288980484], [-0.3999069333076477, -0.025005999952554703, -0.9162145256996155, 2.554062843322754], [0.0, 0.0, 0.0, 1.0]]}, "frames061.jpg": {"intrinsics": [[2985.29, 0.0, 512.0], [0.0, 2985.29, 512.0], [0.0, 0.0, 1.0]], "pose": [[0.9090686440467834, -0.08516385406255722, -0.4078496992588043, 1.0591143369674683], [-0.06465376168489456, -0.995863676071167, 0.06383940577507019, -0.15761195123195648], [-0.4115994870662689, -0.0316653735935688, -0.9108145833015442, 2.546614408493042], [0.0, 0.0, 0.0, 1.0]]}, "frames062.jpg": {"intrinsics": [[2985.29, 0.0, 512.0], [0.0, 2985.29, 512.0], [0.0, 0.0, 1.0]], "pose": [[0.9092940092086792, -0.08912346512079239, -0.4064990282058716, 1.06494140625], [-0.06760048866271973, -0.9954578876495361, 0.06703566014766693, -0.16880692541599274], [-0.4106270968914032, -0.033475589007139206, -0.9111886620521545, 2.562363386154175], [0.0, 0.0, 0.0, 1.0]]}, "frames063.jpg": {"intrinsics": [[2985.29, 0.0, 512.0], [0.0, 2985.29, 512.0], [0.0, 0.0, 1.0]], "pose": [[0.9076026678085327, -0.0904388576745987, -0.40997353196144104, 1.0826289653778076], [-0.06653838604688644, -0.9951662421226501, 0.07222728431224823, -0.180946484208107], [-0.4145239591598511, -0.03827469423413277, -0.9092331528663635, 2.576173782348633], [0.0, 0.0, 0.0, 1.0]]}, "frames064.jpg": {"intrinsics": [[2985.29, 0.0, 512.0], [0.0, 2985.29, 512.0], [0.0, 0.0, 1.0]], "pose": [[0.9083205461502075, -0.09011980146169662, -0.4084509611129761, 1.0871632099151611], [-0.06798683106899261, -0.9953374862670898, 0.06841892749071121, -0.17382588982582092], [-0.412712424993515, -0.03437703847885132, -0.9102124571800232, 2.5944502353668213], [0.0, 0.0, 0.0, 1.0]]}, "frames065.jpg": {"intrinsics": [[2985.29, 0.0, 512.0], [0.0, 2985.29, 512.0], [0.0, 0.0, 1.0]], "pose": [[0.9073349237442017, -0.10069932043552399, -0.40817031264305115, 1.0780640840530396], [-0.07813447713851929, -0.9943661093711853, 0.07163147628307343, -0.1782616376876831], [-0.4130839407444, -0.033101558685302734, -0.9100911617279053, 2.576835870742798], [0.0, 0.0, 0.0, 1.0]]}, "frames066.jpg": {"intrinsics": [[2985.29, 0.0, 512.0], [0.0, 2985.29, 512.0], [0.0, 0.0, 1.0]], "pose": [[0.9098370671272278, -0.10248720645904541, -0.4021104872226715, 1.069868803024292], [-0.08194966614246368, -0.9943138957023621, 0.06800027191638947, -0.17231012880802155], [-0.4067932069301605, -0.028916355222463608, -0.9130624532699585, 2.602712631225586], [0.0, 0.0, 0.0, 1.0]]}, "frames067.jpg": {"intrinsics": [[2985.29, 0.0, 512.0], [0.0, 2985.29, 512.0], [0.0, 0.0, 1.0]], "pose": [[0.9128602743148804, -0.10609893500804901, -0.394244909286499, 1.0539013147354126], [-0.08281996846199036, -0.9936887621879578, 0.07565413415431976, -0.1866907924413681], [-0.39978355169296265, -0.036410313099622726, -0.9158861041069031, 2.618159770965576], [0.0, 0.0, 0.0, 1.0]]}, "frames068.jpg": {"intrinsics": [[2985.29, 0.0, 512.0], [0.0, 2985.29, 512.0], [0.0, 0.0, 1.0]], "pose": [[0.9141310453414917, -0.10905179381370544, -0.3904767334461212, 1.047245740890503], [-0.08660182356834412, -0.9934380650520325, 0.0747055783867836, -0.18956002593040466], [-0.3960612118244171, -0.0344746969640255, -0.9175766706466675, 2.6336617469787598], [0.0, 0.0, 0.0, 1.0]]}, "frames069.jpg": {"intrinsics": [[2985.29, 0.0, 512.0], [0.0, 2985.29, 512.0], [0.0, 0.0, 1.0]], "pose": [[0.9167298078536987, -0.11173347383737564, -0.3835650384426117, 1.0381425619125366], [-0.09550216048955917, -0.9935479164123535, 0.061170563101768494, -0.15410131216049194], [-0.38792502880096436, -0.01944558694958687, -0.9214857816696167, 2.6640920639038086], [0.0, 0.0, 0.0, 1.0]]}, "frames070.jpg": {"intrinsics": [[2985.29, 0.0, 512.0], [0.0, 2985.29, 512.0], [0.0, 0.0, 1.0]], "pose": [[0.921436607837677, -0.10883782804012299, -0.37297314405441284, 1.0106585025787354], [-0.09526421874761581, -0.9939483404159546, 0.054693613201379776, -0.1431506872177124], [-0.376668781042099, -0.014865700155496597, -0.9262287020683289, 2.693077802658081], [0.0, 0.0, 0.0, 1.0]]}, "frames071.jpg": {"intrinsics": [[2985.29, 0.0, 512.0], [0.0, 2985.29, 512.0], [0.0, 0.0, 1.0]], "pose": [[0.9238710999488831, -0.11169127374887466, -0.3660426735877991, 0.9654771685600281], [-0.1058138906955719, -0.9937286376953125, 0.03614993020892143, -0.0819130539894104], [-0.3677847385406494, 0.005334526300430298, -0.9298956990242004, 2.6347317695617676], [0.0, 0.0, 0.0, 1.0]]}, "frames072.jpg": {"intrinsics": [[2985.29, 0.0, 512.0], [0.0, 2985.29, 512.0], [0.0, 0.0, 1.0]], "pose": [[0.9276421070098877, -0.10871706902980804, -0.357296347618103, 0.973671019077301], [-0.10226672142744064, -0.9940701127052307, 0.0369594506919384, -0.09373179078102112], [-0.3591957688331604, 0.002254389226436615, -0.9332594871520996, 2.717022657394409], [0.0, 0.0, 0.0, 1.0]]}, "frames073.jpg": {"intrinsics": [[2985.29, 0.0, 512.0], [0.0, 2985.29, 512.0], [0.0, 0.0, 1.0]], "pose": [[0.9335273504257202, -0.10658670216798782, -0.3422951400279999, 0.913952648639679], [-0.10353175550699234, -0.9942530393600464, 0.027240876108407974, -0.06704143434762955], [-0.3432314991950989, 0.0100083127617836, -0.9391974806785583, 2.683602809906006], [0.0, 0.0, 0.0, 1.0]]}, "frames074.jpg": {"intrinsics": [[2985.29, 0.0, 512.0], [0.0, 2985.29, 512.0], [0.0, 0.0, 1.0]], "pose": [[0.9399340748786926, -0.09367331117391586, -0.32825180888175964, 0.8864760398864746], [-0.09520067274570465, -0.9953922629356384, 0.011452584527432919, -0.02771717496216297], [-0.3278121054172516, 0.02048511803150177, -0.9445208311080933, 2.7206897735595703], [0.0, 0.0, 0.0, 1.0]]}, "frames075.jpg": {"intrinsics": [[2985.29, 0.0, 512.0], [0.0, 2985.29, 512.0], [0.0, 0.0, 1.0]], "pose": [[0.9516688585281372, -0.09594374150037766, -0.2917552888393402, 0.7828705906867981], [-0.09584979712963104, -0.9952879548072815, 0.014650565572082996, -0.03441883623600006], [-0.2917861342430115, 0.01402219943702221, -0.9563808441162109, 2.740659236907959], [0.0, 0.0, 0.0, 1.0]]}, "frames076.jpg": {"intrinsics": [[2985.29, 0.0, 512.0], [0.0, 2985.29, 512.0], [0.0, 0.0, 1.0]], "pose": [[0.9554672837257385, -0.10446275770664215, -0.2759888172149658, 0.7496238946914673], [-0.09807449579238892, -0.9944952130317688, 0.03688821569085121, -0.09343910217285156], [-0.2783229947090149, -0.008178016170859337, -0.9604527354240417, 2.783884286880493], [0.0, 0.0, 0.0, 1.0]]}, "frames077.jpg": {"intrinsics": [[2985.29, 0.0, 512.0], [0.0, 2985.29, 512.0], [0.0, 0.0, 1.0]], "pose": [[0.9562070369720459, -0.11949438601732254, -0.2671877145767212, 0.7390584945678711], [-0.10954197496175766, -0.9926260709762573, 0.051905207335948944, -0.134686678647995], [-0.271419882774353, -0.020363852381706238, -0.9622455835342407, 2.8297057151794434], [0.0, 0.0, 0.0, 1.0]]}, "frames078.jpg": {"intrinsics": [[2985.29, 0.0, 512.0], [0.0, 2985.29, 512.0], [0.0, 0.0, 1.0]], "pose": [[0.954361617565155, -0.13371038436889648, -0.2670494616031647, 0.7165337204933167], [-0.12705101072788239, -0.9910004734992981, 0.04214365407824516, -0.10360737890005112], [-0.27028119564056396, -0.006291385740041733, -0.962760865688324, 2.750732660293579], [0.0, 0.0, 0.0, 1.0]]}, "frames079.jpg": {"intrinsics": [[2985.29, 0.0, 512.0], [0.0, 2985.29, 512.0], [0.0, 0.0, 1.0]], "pose": [[0.9496194124221802, -0.14625154435634613, -0.2771885097026825, 0.7506213784217834], [-0.1419997215270996, -0.9892311096191406, 0.03546642139554024, -0.0864017978310585], [-0.27939051389694214, 0.005681093782186508, -0.9601607322692871, 2.775621175765991], [0.0, 0.0, 0.0, 1.0]]}, "frames080.jpg": {"intrinsics": [[2985.29, 0.0, 512.0], [0.0, 2985.29, 512.0], [0.0, 0.0, 1.0]], "pose": [[0.9437934160232544, -0.1668127030134201, -0.28535500168800354, 0.7536026835441589], [-0.17020465433597565, -0.9853222370147705, 0.013058243319392204, -0.021162541583180428], [-0.28334489464759827, 0.0362444669008255, -0.9583329558372498, 2.7049901485443115], [0.0, 0.0, 0.0, 1.0]]}, "frames081.jpg": {"intrinsics": [[2985.29, 0.0, 512.0], [0.0, 2985.29, 512.0], [0.0, 0.0, 1.0]], "pose": [[0.9417413473129272, -0.1790868639945984, -0.28469473123550415, 0.7516553401947021], [-0.1822717785835266, -0.9831260442733765, 0.01549756433814764, -0.026456313207745552], [-0.2826661765575409, 0.037297122180461884, -0.9584929347038269, 2.696115016937256], [0.0, 0.0, 0.0, 1.0]]}, "frames082.jpg": {"intrinsics": [[2985.29, 0.0, 512.0], [0.0, 2985.29, 512.0], [0.0, 0.0, 1.0]], "pose": [[0.941878080368042, -0.1819095015525818, -0.2824440896511078, 0.7503149509429932], [-0.18457141518592834, -0.9826651811599731, 0.01739235408604145, -0.030963437631726265], [-0.2807117998600006, 0.03574962913990021, -0.9591260552406311, 2.711709499359131], [0.0, 0.0, 0.0, 1.0]]}, "frames083.jpg": {"intrinsics": [[2985.29, 0.0, 512.0], [0.0, 2985.29, 512.0], [0.0, 0.0, 1.0]], "pose": [[0.9420828223228455, -0.18545915186405182, -0.27943676710128784, 0.7437525987625122], [-0.18757030367851257, -0.9820592999458313, 0.01941448263823986, -0.03846675157546997], [-0.2780240476131439, 0.0341239869594574, -0.959967851638794, 2.724005699157715], [0.0, 0.0, 0.0, 1.0]]}, "frames084.jpg": {"intrinsics": [[2985.29, 0.0, 512.0], [0.0, 2985.29, 512.0], [0.0, 0.0, 1.0]], "pose": [[0.9416868686676025, -0.1900773048400879, -0.27766239643096924, 0.7450457811355591], [-0.1924244463443756, -0.9811270236968994, 0.01903899572789669, -0.03524812310934067], [-0.2760409414768219, 0.03550025820732117, -0.9604900479316711, 2.743798017501831], [0.0, 0.0, 0.0, 1.0]]}, "frames085.jpg": {"intrinsics": [[2985.29, 0.0, 512.0], [0.0, 2985.29, 512.0], [0.0, 0.0, 1.0]], "pose": [[0.9398643970489502, -0.197862908244133, -0.2783975601196289, 0.7439594864845276], [-0.20005714893341064, -0.979563295841217, 0.02080710604786873, -0.038754478096961975], [-0.2768249809741974, 0.03613956272602081, -0.9602405428886414, 2.7317609786987305], [0.0, 0.0, 0.0, 1.0]]}, "frames086.jpg": {"intrinsics": [[2985.29, 0.0, 512.0], [0.0, 2985.29, 512.0], [0.0, 0.0, 1.0]], "pose": [[0.937868058681488, -0.20354311168193817, -0.28102242946624756, 0.7433962821960449], [-0.20668652653694153, -0.9782277345657349, 0.018741587176918983, -0.03453882038593292], [-0.27871865034103394, 0.04050641134381294, -0.9595181941986084, 2.7083377838134766], [0.0, 0.0, 0.0, 1.0]]}, "frames087.jpg": {"intrinsics": [[2985.29, 0.0, 512.0], [0.0, 2985.29, 512.0], [0.0, 0.0, 1.0]], "pose": [[0.936340868473053, -0.20529907941818237, -0.284812331199646, 0.7632404565811157], [-0.20963364839553833, -0.9776566624641418, 0.015531178563833237, -0.02960851974785328], [-0.28163719177246094, 0.04516376927495003, -0.9584574699401855, 2.7440555095672607], [0.0, 0.0, 0.0, 1.0]]}, "frames088.jpg": {"intrinsics": [[2985.29, 0.0, 512.0], [0.0, 2985.29, 512.0], [0.0, 0.0, 1.0]], "pose": [[0.9315270185470581, -0.21383772790431976, -0.2941611111164093, 0.789821445941925], [-0.21826885640621185, -0.9757208824157715, 0.018094196915626526, -0.03480958193540573], [-0.29088836908340454, 0.04735097289085388, -0.9555845260620117, 2.738436222076416], [0.0, 0.0, 0.0, 1.0]]}, "frames089.jpg": {"intrinsics": [[2985.29, 0.0, 512.0], [0.0, 2985.29, 512.0], [0.0, 0.0, 1.0]], "pose": [[0.9297626614570618, -0.21634496748447418, -0.2978861331939697, 0.8064472675323486], [-0.22178997099399567, -0.9749658703804016, 0.015834663063287735, -0.03326967731118202], [-0.29385456442832947, 0.05134567245841026, -0.9544700980186462, 2.7457151412963867], [0.0, 0.0, 0.0, 1.0]]}, "frames090.jpg": {"intrinsics": [[2985.29, 0.0, 512.0], [0.0, 2985.29, 512.0], [0.0, 0.0, 1.0]], "pose": [[0.9263363480567932, -0.22005338966846466, -0.30574098229408264, 0.826165497303009], [-0.22375443577766418, -0.974365770816803, 0.023355085402727127, -0.052656546235084534], [-0.3030429184436798, 0.04677623510360718, -0.9518283009529114, 2.731213092803955], [0.0, 0.0, 0.0, 1.0]]}, "frames091.jpg": {"intrinsics": [[2985.29, 0.0, 512.0], [0.0, 2985.29, 512.0], [0.0, 0.0, 1.0]], "pose": [[0.9281046986579895, -0.2188943326473236, -0.301175981760025, 0.8167102336883545], [-0.22404885292053223, -0.9744158387184143, 0.01777462661266327, -0.03669027239084244], [-0.2973614037036896, 0.05098142474889755, -0.9534028768539429, 2.7471773624420166], [0.0, 0.0, 0.0, 1.0]]}, "frames092.jpg": {"intrinsics": [[2985.29, 0.0, 512.0], [0.0, 2985.29, 512.0], [0.0, 0.0, 1.0]], "pose": [[0.9311293363571167, -0.21621035039424896, -0.2936854660511017, 0.8002737164497375], [-0.2196398824453354, -0.9753402471542358, 0.021674592047929764, -0.046175532042980194], [-0.2911294996738434, 0.04432319104671478, -0.9556563496589661, 2.7690117359161377], [0.0, 0.0, 0.0, 1.0]]}, "frames093.jpg": {"intrinsics": [[2985.29, 0.0, 512.0], [0.0, 2985.29, 512.0], [0.0, 0.0, 1.0]], "pose": [[0.936199426651001, -0.2058795988559723, -0.2848583161830902, 0.7994553446769714], [-0.20867976546287537, -0.9777621030807495, 0.02083619311451912, -0.04519687592983246], [-0.2828133702278137, 0.0399373397231102, -0.9583431482315063, 2.8515796661376953], [0.0, 0.0, 0.0, 1.0]]}, "frames094.jpg": {"intrinsics": [[2985.29, 0.0, 512.0], [0.0, 2985.29, 512.0], [0.0, 0.0, 1.0]], "pose": [[0.9378754496574402, -0.20576691627502441, -0.27937373518943787, 0.754610538482666], [-0.2084444910287857, -0.9778207540512085, 0.020432131364941597, -0.04283224046230316], [-0.2773817181587219, 0.03907112032175064, -0.9599649906158447, 2.7525289058685303], [0.0, 0.0, 0.0, 1.0]]}, "frames095.jpg": {"intrinsics": [[2985.29, 0.0, 512.0], [0.0, 2985.29, 512.0], [0.0, 0.0, 1.0]], "pose": [[0.9400713443756104, -0.1992037147283554, -0.27673766016960144, 0.7280374765396118], [-0.20376230776309967, -0.9789407253265381, 0.012493857182562351, -0.019605299457907677], [-0.27339857816696167, 0.0446435883641243, -0.960864245891571, 2.704787254333496], [0.0, 0.0, 0.0, 1.0]]}, "frames096.jpg": {"intrinsics": [[2985.29, 0.0, 512.0], [0.0, 2985.29, 512.0], [0.0, 0.0, 1.0]], "pose": [[0.938259482383728, -0.20273594558238983, -0.2802983820438385, 0.7486476898193359], [-0.20893606543540955, -0.9778972864151001, 0.007915394380688667, -0.0064205508679151535], [-0.27570775151252747, 0.05113774910569191, -0.9598802924156189, 2.7356624603271484], [0.0, 0.0, 0.0, 1.0]]}, "frames097.jpg": {"intrinsics": [[2985.29, 0.0, 512.0], [0.0, 2985.29, 512.0], [0.0, 0.0, 1.0]], "pose": [[0.9379876255989075, -0.2070973813533783, -0.27801060676574707, 0.7617153525352478], [-0.21441690623760223, -0.9767333269119263, 0.004167144652456045, 0.0007942639640532434], [-0.272405207157135, 0.055701445788145065, -0.9605689644813538, 2.796534776687622], [0.0, 0.0, 0.0, 1.0]]}, "frames098.jpg": {"intrinsics": [[2985.29, 0.0, 512.0], [0.0, 2985.29, 512.0], [0.0, 0.0, 1.0]], "pose": [[0.938487708568573, -0.2043813169002533, -0.2783326804637909, 0.7428512573242188], [-0.21343599259853363, -0.9769544005393982, -0.0022844066843390465, 0.018210692331194878], [-0.2714514136314392, 0.06155009567737579, -0.9604820609092712, 2.7377676963806152], [0.0, 0.0, 0.0, 1.0]]}, "frames099.jpg": {"intrinsics": [[2985.29, 0.0, 512.0], [0.0, 2985.29, 512.0], [0.0, 0.0, 1.0]], "pose": [[0.9401377439498901, -0.20441319048404694, -0.27268359065055847, 0.7333676218986511], [-0.21268071234226227, -0.9771214723587036, -0.0007797637372277677, 0.013209271244704723], [-0.26628559827804565, 0.05872762203216553, -0.9621034860610962, 2.7604963779449463], [0.0, 0.0, 0.0, 1.0]]}, "frames100.jpg": {"intrinsics": [[2985.29, 0.0, 512.0], [0.0, 2985.29, 512.0], [0.0, 0.0, 1.0]], "pose": [[0.9450006484985352, -0.19613194465637207, -0.26173675060272217, 0.7059453129768372], [-0.20363709330558777, -0.9790450930595398, -0.0015862052096053958, 0.017696931958198547], [-0.2559409737586975, 0.05479827895760536, -0.9651380181312561, 2.772321939468384], [0.0, 0.0, 0.0, 1.0]]}}